38.349 173.962 378.24 1246.69 1 0.85 0.5
36.065 173.612 383.585 1004.08 1.1 0.8 0.65
53.51 162.192 380.199 688.073 0.75 0.45 0.4
52.19 162.201 378.86 650.357 0.75 0.65 0.6
37.788 173.756 382.096 615.698 1 0.8 0.7
54.946 162.243 382.769 1751.27 1 0.9 0.8
38.79 174.208 365.596 178.389 0.5 0.4 0.35
61.864 162.337 380.789 485.219 0.8 0.6 0.55
43.543 163.32 392.066 322.12 0.75 0.75 0.75
38.902 173.68 385.054 1333.33 1.15 0.6 0.55
38.724 174.004 379.026 564.73 0.95 0.7 0.5
36.664 174.091 368.842 678.899 1.1 0.55 0.5
54.695 162.219 381.618 1208.97 0.95 0.9 0.7
46.247 162.293 385.9 529.052 0.8 0.62 0.55
37.741 174.043 371.009 525.994 0.9 0.8 0.6
68.475 162.354 388.53 1627.93 1 0.9 0.85
45.677 163.674 365.737 557.594 0.9 0.8 0.6
62.939 162.746 380.267 1070.34 1.1 1.1 0.7
38.211 174.492 359.553 983.18 1.2 0.8 0.6
40.222 174.184 367.842 827.727 0.85 0.6 0.5
34.783 173.91 377.171 509.684 0.7 0.55 0.5
36.195 173.874 376.717 527.013 0.8 0.55 0.5
38.705 173.957 376.103 335.372 0.7 0.7 0.4
38.78 174.181 368.192 519.878 0.8 0.8 0.7
36.139 173.949 374.028 979.613 0.9 0.65 0.6
49.805 162.506 372.15 455.657 0.9 0.65 0.35
49.676 162.342 374.112 823.649 1 0.95 0.55
49.846 162.314 374.733 841.998 0.9 0.8 0.65
47.413 163.805 365.788 1436.29 1.1 1 0.9
52.394 162.233 380.416 995.923 1.1 0.8 0.7
3.769 205.723 370.503 535.168 1.55 0.65 0.4
39.428 174.176 372.226 588.175 0.85 0.5 0.5
37.984 173.857 377.703 283.384 0.6 0.5 0.45
50.644 162.262 375.852 922.528 1 0.9 0.7
40.247 174.358 368.67 1428.13 1.1 0.8 0.6
40.902 174.168 368.02 1151.89 0.9 0.8 0.8
26.232 191.85 372.333 1145.77 1.2 0.75 0.65
37.046 174.077 370.137 660.55 1.1 0.5 0.45
48.01 162.56 379.07 597.35 1 0.85 0.6
62.243 162.342 380.3 556.575 0.9 0.65 0.55
61.975 162.434 374.731 923.547 1 0.9 0.8
