54.81 173.973 296.138 664.628 1.1 0.8 0.6
67.668 164.139 313.271 838.94 0.9 0.9 0.6
71.755 167.101 302.623 750.255 0.9 0.85 0.7
56.087 173.299 300.475 1078.49 1.1 0.8 0.7
66.379 165.172 310.031 849.134 0.95 0.9 0.7
54.222 173.859 296.414 283.384 0.8 0.75 0.5
57.138 175.23 291.786 882.773 1.1 0.85 0.7
52.038 174.936 291.273 785.933 1 0.7 0.65
51.218 174.256 293.257 568.807 0.95 0.65 0.6
51.112 173.503 297.839 633.028 1 0.8 0.7
53.691 173.604 297.947 677.88 1 0.8 0.75
52.655 174.594 290.791 559.123 1.1 0.7 0.55
52.788 173.992 295.045 502.039 1.05 0.8 0.6
75.831 167.047 297.905 777.268 0.9 0.85 0.8
53.202 174.135 294.28 625.382 1.1 0.85 0.55
53.027 173.887 295.673 316.514 1.05 0.8 0.6
51.892 172.946 300.616 950.561 1.1 0.9 0.6
25.062 193.711 293.434 1036.19 1.15 0.75 0.65
51.943 172.157 304.236 736.493 1 0.75 0.6
55.104 175.594 284.321 540.775 1 0.6 0.6
47.803 174.235 296.677 436.799 1 0.65 0.4
77.091 167.042 292.992 1869.01 1.1 1 0.8
52.912 174.428 291.935 976.045 1.1 1.05 0.9
70.739 167.172 303.583 1224.77 1 0.8 0.75
54.756 173.704 298.054 1312.44 1.1 0.85 0.75
56.527 175.663 284.683 842.508 0.95 0.8 0.55
43.413 176.653 293.624 1108.56 1.2 0.75 0.65
91.188 160.483 288.521 955.657 1 0.85 0.7
55.909 175.544 285.768 1031.09 1.15 0.8 0.8
17.795 193.1 284.639 169.725 0.6 0.4 0.35
24.146 193.742 292.237 687.564 1.05 0.55 0.45
52.614 172.133 304.853 616.208 0.9 0.8 0.75
21.773 194.15 297.748 228.848 0.8 0.55 0.5
53.432 173.187 300.187 597.859 0.95 0.75 0.7
52.684 173.108 300.016 480.632 1 0.8 0.55
48.707 168.331 323.957 876.147 1.2 0.8 0.7
66.976 167.404 302.695 513.252 1 0.75 0.6
40.928 176.326 299.331 446.993 1.1 0.5 0.45
70.892 170.885 277.728 662.08 1.1 0.9 0.6
55.132 174.385 295.048 680.428 1.05 0.75 0.65
52.79 172.999 300.783 888.379 1 0.75 0.7
54.559 174.115 295.331 754.842 1 0.85 0.65
54.743 173.929 296.01 451.07 0.85 0.65 0.5
52.373 172.792 301.429 761.978 1 0.8 0.6
57.67 176.686 279.422 176.86 0.8 0.6 0.35
43.11 176.91 295.124 316.514 0.85 0.65 0.55
50.173 173.36 298.886 434.251 1 0.65 0.6
52.379 167.55 329.143 334.862 0.85 0.7 0.6
